-0.004394,
0.000431,
0.000714,
0.001139,
0.001646,
0.002151,
0.002565,
0.002800,
0.002782,
0.002457,
0.001807,
0.000853,
-0.000338,
-0.001660,
-0.002972,
-0.004115,
-0.004926,
-0.005257,
-0.005002,
-0.004106,
-0.002588,
-0.000539,
0.001871,
0.004404,
0.006779,
0.008692,
0.009851,
0.010013,
0.009014,
0.006803,
0.003456,
-0.000807,
-0.005637,
-0.010588,
-0.015083,
-0.018555,
-0.020437,
-0.020220,
-0.017527,
-0.012145,
-0.004064,
0.006514,
0.019169,
0.033286,
0.048097,
0.062732,
0.076287,
0.087893,
0.096788,
0.102377,
0.104284,
0.102377,
0.096788,
0.087893,
0.076287,
0.062732,
0.048097,
0.033286,
0.019169,
0.006514,
-0.004064,
-0.012145,
-0.017527,
-0.020220,
-0.020437,
-0.018555,
-0.015083,
-0.010588,
-0.005637,
-0.000807,
0.003456,
0.006803,
0.009014,
0.010013,
0.009851,
0.008692,
0.006779,
0.004404,
0.001871,
-0.000539,
-0.002588,
-0.004106,
-0.005002,
-0.005257,
-0.004926,
-0.004115,
-0.002972,
-0.001660,
-0.000338,
0.000853,
0.001807,
0.002457,
0.002782,
0.002800,
0.002565,
0.002151,
0.001646,
0.001139,
0.000714,
0.000431,
-0.004394,
