0.000000,
0.000000,
0.000000,
-0.000000,
-0.000000,
-0.000000,
0.000000,
0.000000,
0.000000,
0.000000,
0.000000,
0.000000,
-0.000000,
-0.000000,
-0.000000,
0.000000,
0.000000,
0.000000,
-0.000000,
0.000000,
0.000000,
-0.000000,
-0.000000,
-0.000000,
0.000000,
0.000000,
0.000000,
-0.000000,
-0.000000,
0.000000,
-0.000000,
-0.000001,
-0.000000,
0.000001,
0.000001,
0.000000,
-0.000001,
-0.000000,
-0.000000,
-0.000001,
-0.000001,
-0.000000,
0.000003,
0.000003,
0.000000,
-0.000003,
-0.000002,
-0.000000,
-0.000001,
-0.000002,
-0.000000,
0.000005,
0.000007,
0.000000,
-0.000006,
-0.000006,
-0.000000,
0.000001,
-0.000003,
-0.000000,
0.000010,
0.000013,
0.000001,
-0.000014,
-0.000014,
-0.000000,
0.000005,
-0.000001,
-0.000000,
0.000016,
0.000023,
0.000001,
-0.000029,
-0.000029,
-0.000001,
0.000016,
0.000006,
-0.000000,
0.000021,
0.000035,
0.000001,
-0.000052,
-0.000056,
-0.000002,
0.000039,
0.000024,
0.000000,
0.000023,
0.000049,
0.000002,
-0.000087,
-0.000099,
-0.000003,
0.000083,
0.000061,
0.000001,
0.000013,
0.000058,
0.000003,
-0.000132,
-0.000160,
-0.000005,
0.000155,
0.000130,
0.000002,
-0.000020,
0.000050,
0.000003,
-0.000185,
-0.000242,
-0.000007,
0.000267,
0.000244,
0.000005,
-0.000095,
0.000009,
0.000003,
-0.000233,
-0.000336,
-0.000009,
0.000425,
0.000418,
0.000008,
-0.000236,
-0.000092,
0.000002,
-0.000257,
-0.000430,
-0.000012,
0.000633,
0.000664,
0.000013,
-0.000469,
-0.000284,
-0.000001,
-0.000224,
-0.000495,
-0.000014,
0.000883,
0.000985,
0.000018,
-0.000823,
-0.000607,
-0.000005,
-0.000089,
-0.000488,
-0.000015,
0.001151,
0.001374,
0.000025,
-0.001325,
-0.001100,
-0.000012,
0.000207,
-0.000350,
-0.000014,
0.001396,
0.001804,
0.000031,
-0.001990,
-0.001801,
-0.000021,
0.000734,
-0.000003,
-0.000011,
0.001551,
0.002223,
0.000037,
-0.002818,
-0.002738,
-0.000031,
0.001570,
0.000648,
-0.000005,
0.001518,
0.002550,
0.000041,
-0.003786,
-0.003925,
-0.000042,
0.002801,
0.001714,
0.000004,
0.001171,
0.002669,
0.000042,
-0.004844,
-0.005356,
-0.000054,
0.004521,
0.003328,
0.000016,
0.000339,
0.002419,
0.000040,
-0.005910,
-0.007009,
-0.000064,
0.006845,
0.005664,
0.000031,
-0.001214,
0.001574,
0.000034,
-0.006864,
-0.008854,
-0.000071,
0.009952,
0.008993,
0.000046,
-0.003857,
-0.000219,
0.000023,
-0.007538,
-0.010879,
-0.000075,
0.014207,
0.013847,
0.000061,
-0.008302,
-0.003629,
0.000009,
-0.007665,
-0.013168,
-0.000074,
0.020556,
0.021585,
0.000075,
-0.016358,
-0.010363,
-0.000008,
-0.006658,
-0.016189,
-0.000068,
0.032315,
0.037049,
0.000085,
-0.034994,
-0.027323,
-0.000026,
-0.002076,
-0.022843,
-0.000057,
0.071711,
0.097338,
0.000090,
-0.143134,
-0.160725,
-0.000043,
0.179405,
0.179405,
-0.000043,
-0.160725,
-0.143134,
0.000090,
0.097338,
0.071711,
-0.000057,
-0.022843,
-0.002076,
-0.000026,
-0.027323,
-0.034994,
0.000085,
0.037049,
0.032315,
-0.000068,
-0.016189,
-0.006658,
-0.000008,
-0.010363,
-0.016358,
0.000075,
0.021585,
0.020556,
-0.000074,
-0.013168,
-0.007665,
0.000009,
-0.003629,
-0.008302,
0.000061,
0.013847,
0.014207,
-0.000075,
-0.010879,
-0.007538,
0.000023,
-0.000219,
-0.003857,
0.000046,
0.008993,
0.009952,
-0.000071,
-0.008854,
-0.006864,
0.000034,
0.001574,
-0.001214,
0.000031,
0.005664,
0.006845,
-0.000064,
-0.007009,
-0.005910,
0.000040,
0.002419,
0.000339,
0.000016,
0.003328,
0.004521,
-0.000054,
-0.005356,
-0.004844,
0.000042,
0.002669,
0.001171,
0.000004,
0.001714,
0.002801,
-0.000042,
-0.003925,
-0.003786,
0.000041,
0.002550,
0.001518,
-0.000005,
0.000648,
0.001570,
-0.000031,
-0.002738,
-0.002818,
0.000037,
0.002223,
0.001551,
-0.000011,
-0.000003,
0.000734,
-0.000021,
-0.001801,
-0.001990,
0.000031,
0.001804,
0.001396,
-0.000014,
-0.000350,
0.000207,
-0.000012,
-0.001100,
-0.001325,
0.000025,
0.001374,
0.001151,
-0.000015,
-0.000488,
-0.000089,
-0.000005,
-0.000607,
-0.000823,
0.000018,
0.000985,
0.000883,
-0.000014,
-0.000495,
-0.000224,
-0.000001,
-0.000284,
-0.000469,
0.000013,
0.000664,
0.000633,
-0.000012,
-0.000430,
-0.000257,
0.000002,
-0.000092,
-0.000236,
0.000008,
0.000418,
0.000425,
-0.000009,
-0.000336,
-0.000233,
0.000003,
0.000009,
-0.000095,
0.000005,
0.000244,
0.000267,
-0.000007,
-0.000242,
-0.000185,
0.000003,
0.000050,
-0.000020,
0.000002,
0.000130,
0.000155,
-0.000005,
-0.000160,
-0.000132,
0.000003,
0.000058,
0.000013,
0.000001,
0.000061,
0.000083,
-0.000003,
-0.000099,
-0.000087,
0.000002,
0.000049,
0.000023,
0.000000,
0.000024,
0.000039,
-0.000002,
-0.000056,
-0.000052,
0.000001,
0.000035,
0.000021,
-0.000000,
0.000006,
0.000016,
-0.000001,
-0.000029,
-0.000029,
0.000001,
0.000023,
0.000016,
-0.000000,
-0.000001,
0.000005,
-0.000000,
-0.000014,
-0.000014,
0.000001,
0.000013,
0.000010,
-0.000000,
-0.000003,
0.000001,
-0.000000,
-0.000006,
-0.000006,
0.000000,
0.000007,
0.000005,
-0.000000,
-0.000002,
-0.000001,
-0.000000,
-0.000002,
-0.000003,
0.000000,
0.000003,
0.000003,
-0.000000,
-0.000001,
-0.000001,
-0.000000,
-0.000000,
-0.000001,
0.000000,
0.000001,
0.000001,
-0.000000,
-0.000001,
-0.000000,
0.000000,
-0.000000,
-0.000000,
0.000000,
0.000000,
0.000000,
-0.000000,
-0.000000,
-0.000000,
0.000000,
0.000000,
-0.000000,
0.000000,
0.000000,
0.000000,
-0.000000,
-0.000000,
-0.000000,
0.000000,
0.000000,
0.000000,
0.000000,
0.000000,
0.000000,
-0.000000,
-0.000000,
-0.000000,
0.000000,
0.000000,
0.000000,
