0.000097,
0.000092,
0.000086,
0.000078,
0.000069,
0.000059,
0.000047,
0.000035,
0.000021,
0.000007,
-0.000007,
-0.000022,
-0.000037,
-0.000051,
-0.000065,
-0.000079,
-0.000092,
-0.000103,
-0.000113,
-0.000122,
-0.000129,
-0.000133,
-0.000136,
-0.000137,
-0.000135,
-0.000131,
-0.000124,
-0.000114,
-0.000103,
-0.000089,
-0.000072,
-0.000054,
-0.000033,
-0.000011,
0.000012,
0.000036,
0.000061,
0.000086,
0.000110,
0.000134,
0.000157,
0.000178,
0.000197,
0.000213,
0.000226,
0.000236,
0.000242,
0.000244,
0.000242,
0.000235,
0.000223,
0.000207,
0.000186,
0.000161,
0.000131,
0.000098,
0.000061,
0.000021,
-0.000021,
-0.000066,
-0.000111,
-0.000156,
-0.000201,
-0.000245,
-0.000286,
-0.000324,
-0.000358,
-0.000387,
-0.000411,
-0.000428,
-0.000438,
-0.000441,
-0.000436,
-0.000422,
-0.000401,
-0.000371,
-0.000333,
-0.000287,
-0.000234,
-0.000174,
-0.000108,
-0.000037,
0.000038,
0.000115,
0.000194,
0.000273,
0.000351,
0.000426,
0.000496,
0.000561,
0.000618,
0.000667,
0.000705,
0.000733,
0.000749,
0.000751,
0.000741,
0.000716,
0.000678,
0.000626,
0.000560,
0.000482,
0.000392,
0.000290,
0.000180,
0.000062,
-0.000063,
-0.000191,
-0.000321,
-0.000450,
-0.000577,
-0.000698,
-0.000812,
-0.000916,
-0.001007,
-0.001084,
-0.001145,
-0.001188,
-0.001211,
-0.001213,
-0.001193,
-0.001152,
-0.001088,
-0.001003,
-0.000896,
-0.000769,
-0.000624,
-0.000462,
-0.000286,
-0.000098,
0.000099,
0.000302,
0.000507,
0.000711,
0.000909,
0.001099,
0.001276,
0.001437,
0.001579,
0.001698,
0.001791,
0.001855,
0.001889,
0.001891,
0.001859,
0.001793,
0.001693,
0.001558,
0.001392,
0.001194,
0.000968,
0.000716,
0.000443,
0.000151,
-0.000154,
-0.000467,
-0.000784,
-0.001099,
-0.001406,
-0.001699,
-0.001973,
-0.002222,
-0.002441,
-0.002625,
-0.002770,
-0.002870,
-0.002924,
-0.002928,
-0.002880,
-0.002779,
-0.002625,
-0.002419,
-0.002161,
-0.001856,
-0.001506,
-0.001116,
-0.000690,
-0.000236,
0.000241,
0.000732,
0.001230,
0.001726,
0.002211,
0.002677,
0.003115,
0.003516,
0.003871,
0.004172,
0.004412,
0.004584,
0.004683,
0.004702,
0.004639,
0.004491,
0.004256,
0.003936,
0.003530,
0.003043,
0.002479,
0.001845,
0.001146,
0.000394,
-0.000403,
-0.001234,
-0.002084,
-0.002942,
-0.003793,
-0.004623,
-0.005415,
-0.006155,
-0.006827,
-0.007417,
-0.007909,
-0.008290,
-0.008546,
-0.008666,
-0.008638,
-0.008454,
-0.008105,
-0.007587,
-0.006894,
-0.006026,
-0.004982,
-0.003765,
-0.002379,
-0.000832,
0.000869,
0.002710,
0.004681,
0.006766,
0.008947,
0.011208,
0.013529,
0.015888,
0.018265,
0.020637,
0.022982,
0.025276,
0.027498,
0.029626,
0.031637,
0.033512,
0.035231,
0.036777,
0.038133,
0.039286,
0.040223,
0.040935,
0.041413,
0.041654,
0.041654,
0.041413,
0.040935,
0.040223,
0.039286,
0.038133,
0.036777,
0.035231,
0.033512,
0.031637,
0.029626,
0.027498,
0.025276,
0.022982,
0.020637,
0.018265,
0.015888,
0.013529,
0.011208,
0.008947,
0.006766,
0.004681,
0.002710,
0.000869,
-0.000832,
-0.002379,
-0.003765,
-0.004982,
-0.006026,
-0.006894,
-0.007587,
-0.008105,
-0.008454,
-0.008638,
-0.008666,
-0.008546,
-0.008290,
-0.007909,
-0.007417,
-0.006827,
-0.006155,
-0.005415,
-0.004623,
-0.003793,
-0.002942,
-0.002084,
-0.001234,
-0.000403,
0.000394,
0.001146,
0.001845,
0.002479,
0.003043,
0.003530,
0.003936,
0.004256,
0.004491,
0.004639,
0.004702,
0.004683,
0.004584,
0.004412,
0.004172,
0.003871,
0.003516,
0.003115,
0.002677,
0.002211,
0.001726,
0.001230,
0.000732,
0.000241,
-0.000236,
-0.000690,
-0.001116,
-0.001506,
-0.001856,
-0.002161,
-0.002419,
-0.002625,
-0.002779,
-0.002880,
-0.002928,
-0.002924,
-0.002870,
-0.002770,
-0.002625,
-0.002441,
-0.002222,
-0.001973,
-0.001699,
-0.001406,
-0.001099,
-0.000784,
-0.000467,
-0.000154,
0.000151,
0.000443,
0.000716,
0.000968,
0.001194,
0.001392,
0.001558,
0.001693,
0.001793,
0.001859,
0.001891,
0.001889,
0.001855,
0.001791,
0.001698,
0.001579,
0.001437,
0.001276,
0.001099,
0.000909,
0.000711,
0.000507,
0.000302,
0.000099,
-0.000098,
-0.000286,
-0.000462,
-0.000624,
-0.000769,
-0.000896,
-0.001003,
-0.001088,
-0.001152,
-0.001193,
-0.001213,
-0.001211,
-0.001188,
-0.001145,
-0.001084,
-0.001007,
-0.000916,
-0.000812,
-0.000698,
-0.000577,
-0.000450,
-0.000321,
-0.000191,
-0.000063,
0.000062,
0.000180,
0.000290,
0.000392,
0.000482,
0.000560,
0.000626,
0.000678,
0.000716,
0.000741,
0.000751,
0.000749,
0.000733,
0.000705,
0.000667,
0.000618,
0.000561,
0.000496,
0.000426,
0.000351,
0.000273,
0.000194,
0.000115,
0.000038,
-0.000037,
-0.000108,
-0.000174,
-0.000234,
-0.000287,
-0.000333,
-0.000371,
-0.000401,
-0.000422,
-0.000436,
-0.000441,
-0.000438,
-0.000428,
-0.000411,
-0.000387,
-0.000358,
-0.000324,
-0.000286,
-0.000245,
-0.000201,
-0.000156,
-0.000111,
-0.000066,
-0.000021,
0.000021,
0.000061,
0.000098,
0.000131,
0.000161,
0.000186,
0.000207,
0.000223,
0.000235,
0.000242,
0.000244,
0.000242,
0.000236,
0.000226,
0.000213,
0.000197,
0.000178,
0.000157,
0.000134,
0.000110,
0.000086,
0.000061,
0.000036,
0.000012,
-0.000011,
-0.000033,
-0.000054,
-0.000072,
-0.000089,
-0.000103,
-0.000114,
-0.000124,
-0.000131,
-0.000135,
-0.000137,
-0.000136,
-0.000133,
-0.000129,
-0.000122,
-0.000113,
-0.000103,
-0.000092,
-0.000079,
-0.000065,
-0.000051,
-0.000037,
-0.000022,
-0.000007,
0.000007,
0.000021,
0.000035,
0.000047,
0.000059,
0.000069,
0.000078,
0.000086,
0.000092,
0.000097,
